76952
117998
148783
205212
251389
257453
263517
319946
345600
400319
425973
451627
464129
484652
525698
533202
545209
557216
598262
649570
685485
697987
722990
779419
792246
807639
823032
848686
861513
874340
882037
912822
928215
943608
969262
1030821
1036885
1049387
1051789
1054191
1079194
1095201
1101265
1117272
1124969
1131033
1151556
1164383
1176885
1179841
1192343
1195299
1220302
1227999
1240826
1246890
1252954
1259018
1265082
1271146
1286539
1301932
1317325
1358371
1389156
1395220
1401284
1413786
1416742
1419698
1440221
1446285
1474504
1495027
1520681
1546335
1562342
